Solutions for U = 0, L = 21, N = 10, M =5 as an example how to choose initial configurations:

Total momentum 	P,	I,								J
0					[-2,-2,-1,-1,0,0,1,1,2,2]		[-2,-1,0,1,2]
1					[-2,-2,-1,-1,0,0,1,1,2,3]		[-2,-1,0,1,2.5]
2					[-2,-2,-1,-1,0,0,1,2,2,3]		[-2,-1,0,1.5,2]
3					[-2,-2,-1,-1,0,1,1,2,2,3]		[-2,-1,0.5,1,2]
4					[-2,-2,-1,0,0,1,1,2,2,3]		[-2,-0.5,0,1,2]
5					[-2,-1,-1,0,0,1,1,2,2,3]		[-1.5,-1,0,1,2]
6					[-2,-1,-1,0,0,1,1,2,3,3]		[-2,-1,0,1,3]
7					[-2,-1,-1,0,0,1,2,2,3,3]		[-2,-1,0,2,3]
8					[-2,-1,-1,0,1,1,2,2,3,3]		[-2,-1,1,2,3]
9					[-2,-1,0,0,1,1,2,2,3,3]			[-2,0,1,2,3]
10					[-1,-1,0,0,1,1,2,2,3,3]			[-1,0,1,2,3]
